$ANSIBLE_VAULT;1.1;AES256
66666230633961396166326130343761366531626635636534363466346135303465613131653232
3965666535333662343731663865643666333662386236610a333239363734626232356234626164
38616234646630366565666363316234306538313138353236323639323239373034383938643565
6537643237393337660a643239306639333233366139333030353838343033626135303563626137
32383261626564613233386264393537393365306464623563663039653530643033323131616332
64323336633537333636393534373533383136653837353762313861313631623639653531313835
37663932303063303862383565303763643130346332343862623562663232623264616631323031
63313736346365653464646534633166393739326265313839613732613338643134623161666530
64353337663133393337656436376561613331386339333739326363393632663364333864373662
33333633653261613536396661613963653831616566613335393439363735626133656430633539
31373639393938646266333339353732653930343166323762373137373530393332333066353733
61333165636335376164386631643138366433393539633530656261666533353635613533366163
37313634313962636237306561643061636130636161393435386363333937663337336335373437
38393831343439306565393931623435303765666261373464356561666363333831626538303637
65623562653335643866643766393065356332353230663635353933383634636263313666343834
38383734656434653437333462323533393635383338323963373764363430653831623562386163
64636365383830323935373938303362326238376137376338613264633865353166313366343232
35303463616332336539666238336234316331303337396535326365353334666231316133653935
33633462313330306463336461653235333738383935646530636131356533613839323864383530
31393661323938386265666631653239383162396638356437663931653632353566666639353530
62336639343530343330663638613235373832323266313463636336373033663965633261386563
63633464386133376638323137376338333564323734326533396161656533626133626637656266
38653166393364333134353765343462313936383734326265383638326339646538623536383933
34343030313166303637383136366637613235336335353762363732653661396239363963336331
30623831646162353930653561646465376639636461333666356166316133316632
